0.01 0.6565550262491422 0.0
0.01 0.7416771575766734 0.0
0.01 1.2372207391797045 0.0
0.01 2.8705389756609243 0.0
0.01 8.752434567638403 3.457008111677046e-05
0.01 56.22320491107676 0.00028633167082294235
0.01 74.3751200957186 0.0003591398633257405
0.01 89.1856768483897 0.000413000464612049
0.01 115.13049567664979 0.0005165817165916494
0.01 137.26520204262826 0.0005863614001892148
0.01 160.01772549075216 0.0006598892345986294
0.01 181.62950613901882 0.0007248058145046643
0.01 202.70970287806955 0.0007805842696629211
0.01 226.87600089311334 0.0008471108328115237
0.01 249.68535694642588 0.000904240873634948
0.01 274.08580668912765 0.0009633991817650492
0.01 298.2635720563323 0.0010170705685108978
0.01 323.5964447497055 0.0010727638804148864
0.01 348.5950205921456 0.00112481963647662
0.01 373.6472575716254 0.001176237757930399
0.01 398.8833116622954 0.0012218643596477704
0.01 427.0530828399026 0.0012769270880703305
0.01 455.2770111281184 0.0013303645383261273
0.01 480.24612541614687 0.0013731702519975434
0.01 509.3334395591443 0.0014217020402172266
0.01 537.7467005475412 0.0014684819423368726
0.01 568.3295742851341 0.0015218180681462934
0.01 593.753766862713 0.0015579409856326246
0.01 623.467068684149 0.001603097205346295
0.01 651.8700234240208 0.0016452325341962024
0.01 681.1128668166826 0.0016844968496849716
0.01 712.1098079996959 0.0017323807486630976
0.01 744.6829112821054 0.0017800716019417497
0.01 775.2923817740283 0.0018205780691299112
0.01 807.4800077188531 0.0018649720653335351
0.01 837.3170262665046 0.0018991252449133303
0.01 869.3005113983568 0.0019412249422632816
0.01 899.0951515120801 0.0019743236409608027
0.01 935.6616210988337 0.0020232343481654943
0.01 967.625881569816 0.002061464352138876
0.01 1000.9867644332826 0.002101058290357865
0.01 1032.478012773033 0.0021365303030303107
0.01 1066.3587395412744 0.0021738908203720623
0.01 1102.5086676516294 0.002215210430563971
0.01 1136.6830381485029 0.00225196364816617
0.01 1169.5298016248066 0.00228537388305377
0.01 1206.430224004756 0.0023313170420060656
0.01 1238.979266822045 0.0023605541341653615
0.01 1278.7594507437936 0.002404287597731107
0.01 1311.9456079448598 0.0024364399107427467
0.01 1346.520545949213 0.00247306746447269
0.01 1383.5346037563233 0.002508135989216713
0.01 1419.5334271257118 0.002547590972762649
0.01 1453.9475585312641 0.0025782690540326505
0.01 1492.6533955946886 0.002615757687576874
0.01 1530.5614445056997 0.002650021838898553
0.01 1566.6022916982745 0.002684392745465919
0.01 1602.2155457151734 0.0027129074589910224
0.01 1641.224237595706 0.0027540227902679328
0.01 1681.222612543638 0.0027891551103459053
0.01 1718.9434902488479 0.0028232664974619363
0.01 1757.109659591905 0.0028554804059328595
0.01 1795.2926335133766 0.0028864098283194186
0.01 1835.0941666726656 0.0029273445324881097
0.01 1872.1624575196706 0.0029557084406728116
0.01 1909.6660367578547 0.002981375367022103
0.01 1949.1636019492378 0.0030169430132708885
0.01 1991.0985483235836 0.003053171606627141
0.01 2027.3256090201564 0.0030833911580235634
0.01 2069.3364761991493 0.0031174714375392263
0.01 2107.5051929312076 0.0031458364544319673
0.01 2145.436341940746 0.003170828464419472
0.01 2188.053960733726 0.003209130158730163
0.01 2227.5910125211326 0.0032388515958229193
0.01 2269.89331321429 0.003272202658326826
0.01 2310.487865127175 0.003301933236574746
0.01 2351.5813318728565 0.00333141497797357
0.01 2389.209494041263 0.003360059144969462
0.01 2431.634565038038 0.0033920305157155942
0.01 2474.666723404032 0.0034230246367656465
0.01 2514.7874847145335 0.003448160515524303
0.01 2557.099134367432 0.0034846704915490676
0.01 2596.626603351792 0.0035088537618699752
0.01 2642.54362340021 0.003544575905395406
0.01 2680.653275249405 0.003563846559297225
0.01 2722.5560102093004 0.0035964374109827544
0.01 2769.5770546797944 0.0036335875389408015
0.01 2809.2572188703 0.0036589532766084423
0.01 2847.9872922362483 0.003677818765036079
0.01 2895.415122369548 0.003717010830324916
0.01 2938.8554126826944 0.003747103744628604
0.01 2982.8127335707713 0.0037771269587464013
0.01 3025.081494470286 0.0038008706124247255
0.01 3067.478003682221 0.0038306299694189625
0.01 3112.0858594930605 0.0038567650516282688
0.01 3152.405106919899 0.003883511798718532
0.01 3196.9636206753794 0.0039130056854074545
0.01 3242.0379444997675 0.00394183013055597
0.01 3288.415317151719 0.0039664467616390125
0.01 3331.228975938078 0.003997043423137882
0.01 3374.4496106056085 0.004025808767284486
0.01 3417.726780525166 0.004049815393689172
0.01 3462.0011177221218 0.004077068820678506
0.01 3507.334979444719 0.004101456985239308
0.01 3551.757980786699 0.0041329590785086495
0.01 3596.2498483480686 0.004155863396460743
0.01 3646.6900059477507 0.004191429912023452
0.01 3690.998286153946 0.00421160726809053
0.01 3730.0904299440645 0.004234571826194503
0.01 3780.153638607736 0.004263310666045642
0.01 3826.7395383937305 0.004291275775849409
0.01 3875.25882593419 0.004319393510687382
0.01 3915.90267786055 0.004342380175279552
0.01 3964.2037385158246 0.004368797840431916
0.01 4011.386971201238 0.0043939150124981605
0.01 4057.8104835096865 0.004425601711753028
0.01 4102.231751335152 0.0044468269289886266
0.01 4147.618772853206 0.004475577053531915
0.01 4190.916830644779 0.0044926913342943995
0.01 4239.608158657985 0.004524565210998361
0.01 4290.93332161284 0.004553112607099152
0.01 4338.289411634376 0.004577318965517243
0.01 4377.412735248232 0.004595018775007696
0.01 4429.804400800319 0.00462808907870653
0.01 4478.521258288794 0.004654363862928371
0.01 4527.583662228187 0.004675104173303605
0.01 4573.220088622951 0.004702951474489
0.01 4621.215308304334 0.004729606097560973
0.01 4665.823485792131 0.004756092068429246
0.01 4717.918681530505 0.004778047858197941
0.01 4763.083957622884 0.004802456751711265
0.01 4806.752211246793 0.004823561627736163
0.01 4855.107081061198 0.004848170971709728
0.01 4909.879723390829 0.004875180364928139
0.01 4956.926121019652 0.004899894899536312
0.01 5007.127568606809 0.004925835560446469
0.01 5050.699220634174 0.0049476575636698324
0.01 5103.3876432106 0.004974702491450901
0.01 5151.237584854121 0.004998822848438693
0.01 5200.8257207414035 0.0050192172307692235
0.01 5248.818127862946 0.005042507221618277
0.01 5300.80083238967 0.005071042446941329
0.01 5348.236350315434 0.005094608586255698
0.01 5401.625033595296 0.005119031407035174
0.01 5448.779656350993 0.005145232460394455
0.01 5499.205701522123 0.00516572735819493
0.01 5552.283589689619 0.00519545834559907
0.01 5599.105351901039 0.005211576952942999
0.01 5648.983745267562 0.005238237001209198
0.01 5698.678051540687 0.005261293653203781
0.01 5753.160500535702 0.005286555696202544
0.01 5797.434172182973 0.005300911930043709
0.01 5847.602943451895 0.005328559816653951
0.01 5904.7639817698155 0.005359233785822015
0.01 5951.273755378731 0.00537947619790855
0.01 5998.704575618968 0.005397561306223028
0.01 6053.037910350046 0.0054207862813591785
0.01 6105.472163044231 0.005449468992248047
0.01 6158.078211814425 0.005471101866014053
0.01 6202.306190022571 0.005490417866588294
0.01 6256.94593517752 0.005512683269671493
0.01 6310.92700213483 0.005538238087749648
0.01 6363.395089297676 0.0055610531931586426
0.01 6414.789535266177 0.005584284339593346
0.01 6468.017944659394 0.005611443888260938
0.01 6521.165670282902 0.005628671226340075
0.01 6566.365946739857 0.0056519290093578756
0.01 6622.794538654224 0.005673072486360087
0.01 6673.27918704415 0.005701868552903036
0.01 6729.201809081807 0.005723913425549227
0.01 6781.444865635519 0.005739959195919584
0.01 6829.030269273137 0.005764863041765173
0.01 6884.647811844644 0.0057936087636932835
0.01 6933.772061040048 0.00581067899522268
0.01 6992.474719872148 0.005836520607375257
0.01 7042.003310828075 0.005856326074161253
0.01 7099.015374750529 0.005874662118157869
0.01 7143.9317675738 0.005895712744644788
0.01 7204.326613112327 0.005919139097744341
0.01 7255.105792904217 0.005942962962962941
