0.02 0.005175636593869233 0.0
0.04 0.019687458311048563 0.0
0.06 2.308890105799103 0.00019952676504629617
0.08 6.292019713628267 0.0006197685985697522
0.1 8.308412055578403 0.0009335411580594662
0.12 9.502881647927337 0.0012152873270520335
0.14 10.16958308159806 0.001471769224998124
0.16 10.496591255903592 0.001704194029274323
0.18 10.59633760283802 0.0019136684517434238
0.2 10.542289760986232 0.0020999677822077273
0.22 10.390624435766739 0.002266020914052409
0.24 10.1642250239322 0.00240546534818708
0.26 9.887476604952832 0.00251773753009976
0.28 9.576843194728896 0.002602339890415878
0.3 9.239534298411517 0.0026565218352681084
0.32 8.886920803961706 0.002676933900709218
0.34 8.517227843720438 0.002660981912144699
0.36 8.129517007919606 0.0026070849790544573
0.38 7.618057592741263 0.002434383068783069
0.4 7.030561941169577 0.002174044490668515
0.42 6.516588942343233 0.001965506622708077
0.44 5.967254323735462 0.0017337385572446724
0.46 5.567813119330644 0.0016036076091010803
0.48 5.271189999582561 0.0014986618328298054
0.5 4.870706850135716 0.001358036756453423
0.52 4.482915510893504 0.001230820176026452
0.54 4.2525441733325176 0.0011516696930393424
0.56 3.9624041255867133 0.0010622550043516096
0.58 3.7002999945945794 0.0009793322758516515
0.6 3.4351092070806644 0.0008939231880751391
0.62 3.163897006899791 0.000823362359031243
0.64 2.9927063502041142 0.0007651312312312312
0.66 2.7979662146378472 0.0007089025299389327
0.68 2.553732540001566 0.0006477111652676223
0.7 2.4170255698647813 0.0005959872469312934
0.72 2.2688749197437637 0.0005599987346777383
0.74 2.0461305388595 0.0004977539249941762
0.76 1.934832586028172 0.0004662231940395213
0.78 1.7757613189454817 0.0004178721438587809
0.8 1.6417152265703248 0.0003857335805903263
0.82 1.5227581862183643 0.00035320715350223525
0.84 1.386828657342199 0.0003167539799770225
0.86 1.2681165746227845 0.00028619833087874285
0.88 1.1583382551800734 0.0002597121212121209
0.9 1.0345798953781769 0.0002280771628337965
0.92 0.9340493198232744 0.0002067357245072239
0.94 0.826185586441969 0.00017566212808875479
0.96 0.7273988039372598 0.00015152427500814575
0.98 0.620883094751698 0.00012464227642276435
1.0 0.5360404489446496 0.00010609858958246086
1.02 0.4181812083088667 7.24567623803578e-05
1.04 0.3104305313105266 4.166648945596309e-05
1.06 0.2169003473918704 1.5652895680060355e-05
1.08 0.18881040604983032 1.4869860686374474e-05
1.1 0.1412210213361131 6.200446229361893e-06
1.12 0.11203299345459977 3.905996758508904e-06
1.14 0.08481865663410236 2.2699264559729715e-06
1.16 0.0653345764731926 1.2737250163620868e-06
1.18 0.052824811520695764 7.614095898324643e-07
1.2 0.04009453871495156 3.556348498364513e-07
