0.001 1.5747497892998124 0.0
0.002 1.716849387350075 0.0
0.003 1.849548019187893 0.0
0.004 2.2408715327383866 0.0
0.005 2.920354831475893 0.0
0.006 97.96827334757594 0.00021052483516483184
0.007 283.3855464457803 0.0006378245539053303
0.008 426.7937918741132 0.001001417050432437
0.009 541.7620145278377 0.0013384253597122251
0.01 636.3086466885852 0.0016556214285714354
0.011 715.807315599764 0.001968743810910717
0.012 780.0753314901003 0.002267282311845031
0.013 831.5879942681315 0.0025513140261215236
0.014 874.6295404144362 0.0028332964899178466
0.015 908.4476047456714 0.0031065761134031525
0.016 937.1636606358887 0.0033722953200044643
0.017 959.226251560013 0.0036323083439220765
0.018 975.8428121343804 0.00388116368259349
0.019 990.5103627893467 0.004131020087150592
0.02 999.5948328315768 0.00437436687185227
0.021 1007.2727831929305 0.004610583882628104
0.022 1011.8259020402784 0.004839757820383466
0.023 1015.1821669066027 0.005068939099340737
0.024 1015.7133517127525 0.005288505172413791
0.025 1015.2823819882855 0.0055039218153224104
0.026 1014.324122794519 0.005715659908714581
0.027 1010.582306247518 0.005922800404812789
